run_id,project_id,scenario_id,scenario_date,scenario_name,forecast_system,forecast_system_type,forecast_creation_date,forecaster_type
,OhioDOT-87525-FRA-161-Queue-Cutter||Prepare-designs-plans-for-construction-of-queue-cutter-sig,s1,2010.0,,Unavailable,unknown,2010.0,state DOT
